1000
66.4 63 
23.7 64.4 
19.8 52.9 
60 88.5 
46.4 56.1 
67.8 2 
82.7 30.2 
6.8 26.2 
86.3 46.6 
66.4 68.4 
16 84.9 
13.1 90 
45 37.8 
1.9 87.2 
51.4 1.3 
61.1 34.2 
90.7 90.9 
45.5 32.2 
89.5 68.8 
34.7 12.9 
34.3 18.8 
93.1 12.7 
70.8 73.2 
69.7 31.6 
2.2 73.2 
64.2 1.1 
42.9 72.9 
16.2 25.1 
66.3 34 
2.5 90.5 
83.3 55.3 
24.5 21.3 
81.7 78.7 
9 18.8 
69.1 55.5 
56.8 84.6 
89.9 81.6 
70.9 61.7 
96.3 8.9 
15.4 36.6 
45.3 64.9 
20.1 82.6 
7.5 35.4 
19.9 80.7 
60.4 70.9 
5.5 91.6 
91.4 18.4 
62.4 42.7 
36.2 85.7 
93.5 14.6 
22.8 70.6 
19.2 28.4 
95.6 70.2 
89.7 94.4 
11.1 39.6 
2.3 85 
49 63.3 
98.2 56.1 
76 92.2 
97.9 69.7 
61.8 1.9 
46 50.5 
68.4 40.1 
98.6 76 
1.4 89.5 
78.1 38.8 
72.8 89.5 
92.1 68.3 
7.3 89.4 
84.9 31.7 
33 8.5 
20.1 81 
51 89.4 
62.3 86.4 
3.7 74 
70.9 11.1 
48.1 6.2 
28.8 95.3 
80 34.1 
34.9 28.4 
98 23.6 
81.3 1.8 
53.6 51.1 
54.2 72.3 
1.2 69.5 
7.6 8.9 
14.6 23 
35.9 11.6 
78.5 12.5 
39.1 29.5 
57.8 75 
67.7 14.7 
47.3 65.5 
28.4 21.8 
19.8 54.8 
57.6 13.5 
66.9 0.8 
14.2 35.6 
88.3 35.7 
38 84.4 
10.7 43.4 
1.8 59.4 
97.6 84.4 
1.7 47.4 
16.3 58.5 
24.3 16.6 
63.8 84.1 
2 89.1 
91.4 63.7 
35.1 1.4 
23.8 66.9 
53.9 58.5 
6.6 6 
57.6 93.9 
58.7 33.5 
54.1 85.4 
59.1 69.4 
81.2 92.2 
58.7 28.2 
93.6 18.6 
92.3 78.4 
83.7 77.4 
36.3 77.2 
88.1 33.7 
78.7 87.3 
32.1 50 
9.6 6.4 
95.9 97 
4.8 80 
8.3 74.9 
35 6.1 
20.8 39.3 
50.4 38.8 
75.3 7.2 
10.1 83.7 
49.1 62.2 
38.6 2.6 
22 55.7 
1.5 17.6 
94.8 54 
88.6 25.1 
49.1 81.9 
60.3 19.8 
9.9 45.9 
7.4 42.7 
9.6 75.5 
99.7 25.6 
87.7 70.2 
85.4 14.7 
83.3 2.7 
29.2 91.2 
60.2 74.9 
84.1 33.6 
90.4 70.9 
21.1 62.8 
75.7 15.6 
20.1 45 
54.8 2.9 
94.5 71.1 
23.2 81.8 
79.9 86.2 
43.8 37.4 
70.4 4.8 
35.7 31.5 
15.2 39.6 
74 22.1 
75.3 84.9 
19.8 36.7 
31 60.2 
56.2 40.4 
45.5 34.5 
62.1 13.7 
99.7 87.1 
64.4 93.7 
42.4 34.6 
1.2 88 
61.4 35.3 
39.7 46.8 
53.5 97.2 
46.3 13.7 
64.7 58.3 
78.7 30.1 
50 63.2 
82.1 87.6 
8.9 12.7 
56.1 96.4 
37 41.4 
16.3 57 
50.5 0.9 
55.5 79.9 
23.3 56 
56.9 7.8 
18.4 86.6 
65.4 65.5 
90.6 20.5 
62.7 90.5 
32.3 17.9 
51.7 13.1 
13.3 11.8 
2.6 97.2 
67.6 84.8 
42.9 22.7 
16.6 10 
32 84.1 
23.1 31.3 
29 31.9 
37.9 14.4 
41.5 67.4 
37.3 70 
58.4 23 
35.2 33 
29 18.5 
90 91.3 
86.7 79.1 
37.2 57.1 
21 48.7 
60.5 88.4 
15.9 48.3 
93.7 30.7 
57.1 93.3 
87.7 32.7 
1.6 95.3 
29.6 60.3 
30 53.4 
8.5 86.9 
2.7 93.7 
76.2 57.2 
20.3 14.7 
37 7.2 
0.4 4.1 
28.8 43 
78.3 31.7 
84.6 91.6 
36.5 46.7 
90 81 
94 19.9 
42 54.6 
83 30.1 
23 0.9 
82.6 58.4 
19.2 71.8 
67.9 50.3 
44.8 79.4 
96.6 25.4 
69.3 20.1 
72 16.1 
61 24 
23.2 42.2 
17.3 41.5 
66.6 13.1 
39.1 33 
29.9 51.7 
57.2 79.4 
52.3 48.3 
8.6 68.1 
36.9 35.4 
6.9 7.8 
0.5 10.6 
0.2 26.9 
65.2 10.5 
56.4 9.9 
50.3 57.5 
65.1 48.9 
12.5 13 
56.2 11 
53.1 87.5 
9.8 45.8 
76.1 13.6 
54.9 38.4 
27.9 6.7 
88.8 74 
61.5 20.3 
29.3 3.8 
55.6 90.5 
20.8 67.7 
71.6 36.6 
95.2 12.7 
30.6 45.9 
60.8 53.5 
27.1 60.1 
72.7 21.7 
66.6 8.3 
59.7 42.7 
5.3 90.4 
53.5 18.8 
51.4 30.1 
47.6 1.7 
33.4 55.5 
48 78.1 
88.5 50.8 
43.3 33.7 
39 76.4 
2.5 36.4 
70.4 43.8 
3.6 38.1 
9.3 82.8 
41.9 4.7 
70.2 58.7 
81.5 64.4 
44.8 96.6 
21.7 79.7 
80.5 18.5 
11.4 98.5 
6.9 73.7 
98.2 67.6 
70.3 97.1 
16.7 20.9 
45.1 62.7 
99.1 45.2 
73.8 35 
37.4 43.3 
2.4 86.5 
58.9 40.1 
66.4 20.3 
80.1 15.8 
45.6 60 
2 36.4 
35.1 40 
41.7 98.7 
67.7 7.1 
88.7 41.8 
88.2 56.6 
1.6 66.3 
21.7 41.9 
2.6 82 
14.2 48.4 
64.5 27.6 
34.2 13.8 
92.6 79.8 
3.8 42.7 
95.5 65.6 
74.3 61.6 
64 83.3 
88.8 60.8 
58.6 54.4 
55.7 54.8 
25 96 
75.8 78.2 
94.1 47.2 
62.7 59.6 
27.3 62.2 
27.8 88.1 
76.2 59.7 
10.5 13.3 
15.8 39.1 
47.5 20.3 
56.5 70 
44.5 95.6 
97.3 86.6 
47.3 92.3 
24.5 4.7 
18.9 92 
40.1 81.4 
29.2 32.1 
55.7 28.7 
8.6 28.6 
68.6 10.6 
73.8 72.3 
75.7 26 
68.1 70.8 
44.5 74.7 
31.6 99.6 
80.7 55.9 
31.2 86.2 
41.9 45.8 
92.9 67.1 
6.6 6.5 
82.9 84.4 
63.4 44.3 
21.1 10.4 
29.8 93 
62 91.3 
11.1 70.3 
50.4 94.8 
78.2 0.3 
74.8 24.5 
98.6 29.9 
6.7 18 
67.2 61.1 
10.6 70.8 
64.9 8.7 
47.2 39.8 
91.3 3.8 
81.4 27 
28.6 64 
56.3 73.2 
1.8 9.7 
79.6 73.3 
74 17.4 
2.6 47.5 
57.2 50.4 
53.2 26.6 
71.8 43.1 
69.5 34.8 
80.9 64 
43.4 40 
53.7 25.8 
47.9 32.7 
23.3 34.9 
79.1 75.1 
89.3 22 
93.3 78.7 
39 66.1 
19 83.4 
19.9 7.1 
67.9 13.5 
28.9 31.5 
80 35.4 
77.8 85.4 
56 7.7 
45 6.9 
91.3 97.7 
22.5 26.6 
2.1 66.5 
29.1 71.9 
64.9 90.3 
72.6 48.8 
76 7.1 
74.2 13.4 
76.3 67.3 
61.5 66.5 
46.4 74.6 
90.7 86.1 
40.1 46.1 
10.7 0 
71.9 38.9 
48.3 73.1 
0.6 77.5 
59.4 43.2 
63.4 37.4 
7.9 81.1 
42.6 71.1 
33.1 53.9 
94.8 59.8 
21.8 13.1 
94.6 0 
85.1 55.6 
14.8 57.1 
5.9 27.8 
49.4 6.7 
31.6 63 
15.5 75.8 
38 86.6 
95.3 49.8 
49.1 33.1 
47.9 78.9 
33.3 16.2 
63.6 22.1 
21.8 26.2 
56.2 6.6 
15.4 74.9 
55.6 93.7 
27.6 6.5 
58.7 62.6 
19.2 26.9 
24.7 78.8 
58.8 99.2 
78 87.1 
26.9 35.3 
30.7 91.4 
80.6 79.6 
17.8 76.6 
51.7 48.3 
63.9 8.3 
17.2 3.3 
12.9 15.3 
93.3 41.9 
87.9 43.4 
99.4 30.4 
63.8 7.1 
18 25 
90.8 30.4 
53.8 12.5 
20.2 16.7 
9.3 94.4 
93 39.1 
85.7 75.4 
28.6 37.7 
14.3 35.9 
56.9 0.7 
17.6 78.7 
80.1 98.9 
82.8 51.8 
58.9 27.7 
61.3 94.4 
54.7 58.6 
24.5 27.9 
57.4 12.7 
28.7 55.8 
19 23.2 
45.3 33.6 
46.4 12.9 
77.4 31.8 
51.2 60.6 
84.2 78.2 
41.2 84.3 
48.8 94.9 
96.3 68.5 
76.7 75.7 
36.5 54.4 
47.6 14.6 
2.9 53.1 
42.9 28.1 
81.2 36.9 
22.7 14.7 
67.2 40.1 
30.1 86.5 
16.5 39.2 
34.6 69.6 
3.4 18.9 
90.3 15.1 
92.7 19.8 
33.1 50.2 
39 80.1 
49.4 79.3 
20 22.1 
89.7 32.5 
41.7 25 
73 59.5 
80.7 74.2 
71.8 23.5 
80.6 45.8 
94.1 20.2 
29.6 81.2 
71.2 58.3 
65.1 31 
19.8 73.8 
41.9 58.3 
73.6 91.9 
32.2 34.5 
64.1 69 
39.7 58.7 
45.8 22.6 
4.9 76.7 
42.9 73.1 
28.5 48.6 
8.8 19 
91.4 17.1 
10 26.8 
66.5 85.4 
90.3 93.2 
16.3 37 
48.7 76.1 
27.1 80.8 
63.2 46.3 
15.9 54.1 
95.9 38.3 
80.4 75.4 
48 54.5 
11.6 85.8 
46.1 30.5 
75.3 97.8 
70.4 17.3 
70.7 98.8 
55.6 31.8 
16 4.4 
99 2.2 
22.7 21.5 
88.1 53.7 
64.3 28 
75.5 42.3 
23 82.9 
55.4 21.6 
58.2 20.2 
78.7 84.1 
81 44.4 
65.2 11 
79.2 19.2 
90.4 83.2 
13 57.3 
73.9 1.7 
98.2 51.1 
1.5 8.6 
49.8 67.8 
84.6 79.7 
54.4 23.9 
80.8 11 
55.8 63.3 
41.6 17.5 
20.2 70.6 
40.2 85.8 
94.8 73.1 
64 57.8 
30 63.4 
75.8 14.2 
28.5 57.4 
20.2 66.9 
10.6 98.4 
5.6 21.9 
2.5 27.2 
26.8 44.3 
98.9 52.5 
0.1 86.1 
56 5.7 
89 64.9 
68 41.3 
39.1 66.9 
4.1 84.1 
72.2 78 
71.6 17.4 
84.3 80 
43.8 8.7 
8.1 98.5 
58.8 48.5 
39.3 93.4 
78.2 25.9 
8.4 25.1 
30.6 27.4 
50.8 26.8 
88.2 42.2 
20.7 44.1 
57.6 52.8 
1.6 60.2 
6.5 87.6 
31.4 73.3 
2.4 5.4 
23.8 6.1 
31.7 88.9 
16.7 85.4 
2.9 17.6 
4.4 37.5 
67.5 4.9 
65.4 63.8 
43.9 52.6 
54.6 71.4 
79.9 26.2 
18.5 45.3 
53.1 86 
58.2 0.8 
62.1 62.2 
41.6 78.8 
52 4 
22.5 43.8 
4.1 50.6 
60.6 26.7 
57.2 28 
52.8 86.9 
30.4 10.4 
15.3 19.6 
3.7 84.9 
53.1 60.8 
81.2 56.2 
52.6 6.9 
49.6 81.7 
59.3 26.4 
77.2 38.1 
91.5 47.4 
81.3 50.2 
89 46.7 
96.2 68.3 
12.4 39.3 
44.1 31.6 
63.6 7.2 
42.7 26.6 
18.3 38.8 
13.1 18 
38.3 61.3 
58.7 29.1 
28.7 47.4 
66.3 33.5 
82.5 53.8 
51 60.3 
58.9 49.4 
5.5 17.5 
98.6 70.7 
5.6 84.5 
64.2 27.1 
63.7 47.8 
12.9 12.9 
27 35.8 
15.8 62.2 
52.9 98.1 
75.8 18.6 
17.9 86.3 
18 33.2 
37.7 25.5 
25.3 71.7 
75.6 48.7 
2.8 88.9 
70.8 85.9 
30.5 51.1 
76.4 63.1 
12.8 11.8 
0.6 94.9 
96.7 51.2 
44.8 95.6 
38.3 64.4 
58.4 15.7 
81.5 80.6 
41.2 14.4 
50.1 41 
68.5 94.3 
66.3 78.5 
58.9 68.1 
48.1 64.3 
55 18.6 
14.3 95 
68.5 89.6 
20.6 55.7 
63.9 58.5 
68.6 64.5 
27.4 54.7 
5 37.2 
49.5 83.7 
45.1 21 
43.1 51.6 
66.6 65.3 
2 67.2 
26.9 44.7 
55.3 4.9 
31.6 14.7 
90 38.8 
76.4 96 
11.5 48.2 
85.1 31.7 
23.7 0.2 
25.3 27.8 
75.5 83.7 
16.7 90.2 
70.2 81.9 
6.6 92.6 
14.6 97.3 
44.2 10.8 
58.8 24.3 
79.2 43.1 
35.2 90.3 
48.4 89.8 
62.3 76.1 
16.7 89.5 
27.8 67.6 
39.2 30.2 
28.2 95.2 
14.1 65.4 
29.1 28.1 
16.5 43.5 
49.4 20.1 
2.8 73.7 
86.4 56.2 
25.4 53.6 
37.5 5.4 
99.1 2.4 
85.1 53.9 
82.7 56.7 
89.4 20.1 
85.7 73.7 
55.9 67.7 
81.3 82.3 
56.5 1.9 
32.7 80.3 
97.8 24.7 
6.2 34.6 
70.2 14.1 
20.8 45.1 
81.4 24.3 
87.8 3.2 
98 10.7 
6 77.1 
37.7 70.1 
7.1 0.3 
96.9 43.6 
7.4 88.6 
3.8 97.5 
68.2 6.5 
65.5 8.3 
52.1 54.9 
60.9 8.8 
99.2 65.2 
23.8 70.5 
98.4 43.8 
92.6 96 
44.2 86.9 
24.4 46.5 
69.3 23.9 
41.9 81.3 
52.9 62.1 
88 79.4 
33 60.7 
48.9 96.9 
45.5 38.7 
96.6 16.1 
93.9 43.8 
13.5 37 
98 77.7 
25.5 48.4 
46.6 78.3 
28.7 10.5 
19.4 49.5 
62.2 79.2 
62.8 48.5 
92.8 58.7 
63.3 31.8 
97.2 43.5 
56.9 88.4 
85 4.3 
17.2 2.2 
46 33.1 
99.9 33.9 
20.5 11 
86.6 1.6 
52 67 
73.5 36.9 
91.4 51.8 
26.9 69.3 
81 35.1 
26.3 89.3 
71.2 11.1 
70.3 86.1 
90 58.4 
54.2 49.2 
21.6 26.1 
29.6 37.7 
87.3 50.6 
15.5 38.3 
62.5 54 
68.1 7.4 
34.5 5.5 
14.3 63.4 
5.4 25.5 
15.7 95.9 
35.3 47.2 
80.6 10.2 
34.7 76.2 
41 12.3 
9.6 6.3 
43.5 46.3 
14.8 43.9 
87.6 96.5 
78.7 19.9 
60.1 95.1 
90.1 34.1 
50.6 59.8 
58.6 49.5 
54.6 50.6 
4.3 89.2 
46.4 66.3 
10.6 31.4 
20.3 77.6 
26.6 29 
31.5 22.4 
84.1 53 
47 15.9 
13.2 7.3 
54.4 77.7 
56.4 21.6 
72.7 45.4 
46.5 94.3 
7.8 57.3 
87.6 21.4 
23.1 17 
98.5 61.3 
15.1 4.2 
46.9 40.5 
82.9 6.9 
13.2 73.7 
79.4 31.5 
19 23.9 
60.8 88.9 
5 41.2 
35.6 60.6 
10.8 27.1 
73.4 85.8 
90.7 69.2 
48.3 39.1 
46.2 96.4 
29.6 13.8 
60.9 65.8 
83.3 51.5 
85 80.1 
86.7 69 
0.1 5.3 
87.9 2.9 
27.9 28 
0.8 52.8 
24.6 7.8 
72 95.6 
16.9 83.4 
25.3 85.1 
28.5 14.6 
69.8 38.7 
60.1 40.1 
80.3 87.3 
10.6 41.2 
94.4 67.2 
27.4 46.3 
23.8 14.6 
39.4 94.4 
49 86.9 
25.3 57.1 
87.2 20.2 
75.9 52 
62.7 97 
50.9 5.1 
19 45 
4.7 38.7 
28.2 0.1 
86 47.7 
78.5 93.6 
6 24.1 
33.8 44.1 
7.6 64.5 
29.4 42.6 
22.2 79.2 
13.1 74.8 
10.3 9.8 
13.4 36.7 
25.3 79.5 
49.4 66.5 
96.8 5.7 
18.3 92.7 
87.1 63.7 
45.3 85 
88.7 74.4 
54.5 37.4 
28.8 49.8 
68.8 69.5 
6.5 20.4 
96.2 78.1 
86.1 19.9 
65.7 68.2 
36.5 21.2 
69.9 66.4 
62.4 24.5 
78.5 23.2 
69.6 89.2 
37.7 4.1 
29.5 33.8 
24.1 65.4 
10.6 58.6 
89.3 49.2 
46.1 21.6 
55.4 17.8 
19.9 6 
60.4 55.3 
84.7 21.2 
34.9 16.6 
11.9 32.9 
20.7 82.9 
92.9 36 
15.6 27.2 
62.3 65.9 
88.4 34.5 
8.6 68.1 
10.3 84.4 
2.2 22 
6.7 15.3 
25.1 64.1 
61.6 57.7 
44.8 73.4 
85 27 
64.5 63.1 
53.5 26.4 
52.6 0.1 
33.8 85.3 
38.3 91.4 
7.9 48.9 
75.6 29.6 
8.8 71.8 
70.9 30.6 
7.9 18.9 
14.6 69.2 
88.4 47.8 
49.1 23.9 
67.4 14.9 
55.6 11.2 
30.1 55.7 
41.5 16.8 
96.7 75.3 
75.4 77.2 
97.2 21.7 
66.6 82.9 
14.6 76.2 
64.8 33.8 
34 22.5 
48.3 53.3 
32.9 16.9 
60.6 65.2 
82.4 84.3 
17.2 45.7 
87.9 39.7 
64.9 84.4 
6.1 52.6 
24.3 28.7 
74.9 74.5 
81.7 85.8 
49.2 96 
85 0.8 
83.6 61.1 
16.2 38.5 
73 25.7 
49.6 66.6 
13.2 59.9 
30.7 81 
17.5 95.1 
21.4 65.5 
27.2 62.6 
32.9 24.8 
50.6 8 
37.9 90 
56.8 6.3 
50.9 77.1 
