1000
86.1 79.9 
85.7 48.3 
18.2 33.2 
88.5 68.7 
64.9 10.1 
38.3 28.5 
13.7 79 
91.1 90.1 
63.7 17.6 
73.6 11.5 
73.7 63.2 
47.8 90.7 
65.5 58.2 
54.7 7.7 
89.3 17.7 
51.5 38 
3.2 62.6 
22.7 65.2 
42.5 35.8 
45.7 81 
15.1 71.9 
72.8 78.5 
7.8 88.5 
25.1 17.8 
92.6 84.1 
63.7 31.5 
47.9 22.7 
52.6 12.3 
31.5 78.1 
43.3 79.7 
11.6 12.7 
25.1 28.3 
8.1 55.6 
77.4 4.5 
88.3 84.5 
33.5 72.3 
10 8.4 
41.2 61.5 
8.2 40.4 
63.4 69.4 
8.9 55.9 
27.8 91.2 
16.7 18.4 
65.9 42.1 
25.9 77.8 
90.8 72.3 
56 59.2 
93 89.4 
31.1 17.5 
79.2 59.2 
73.1 99.3 
10.9 84.1 
97.7 94.8 
60.1 30.3 
90.3 12.2 
8.4 87.3 
20.4 44.1 
28.3 61.7 
24.9 35 
45.3 96.1 
43 70.1 
54.9 78.4 
86.4 45.3 
40.8 76.5 
65 58.6 
53.8 9 
92.2 6.6 
64.4 6.8 
42.1 27.7 
28 71.4 
76.5 48.6 
82.4 93.3 
81.7 27.9 
16.4 62.3 
95 17.2 
75.5 92.7 
93.3 12.7 
82 31.5 
44.5 11.6 
81.3 77.5 
49 57.3 
54.8 5.3 
25.4 92.9 
0.3 10.1 
76.8 25.6 
85.7 88.8 
73.8 93.8 
35.1 11.1 
16.7 84.9 
55.3 69 
10.9 46.8 
38.2 6.2 
33.5 84.6 
53.7 82.9 
26.2 89.4 
47.3 29.2 
15.2 36.8 
78.1 56.1 
76.9 81.2 
75.6 19.6 
5 5.3 
32.4 27.2 
97.6 82.1 
13 44.2 
65.5 14.3 
20.1 28.9 
3.8 34.9 
65.4 6.2 
36.4 9.9 
86.8 94.2 
58.7 62.7 
75.5 70.9 
88.3 95.5 
78.3 63.8 
12.3 1.2 
20.5 32.8 
69.2 98 
56.1 95.5 
87 77.5 
12.6 44.4 
37.6 83.3 
98.2 99.7 
43.3 52.7 
39.5 72 
67.6 87.8 
63.6 44.5 
0.4 52.4 
22.8 44.2 
9.2 99.8 
21.6 48.3 
97.8 12.2 
92.8 3.4 
58.1 40.6 
3.1 66.4 
66.1 57.6 
81.4 66.1 
5 34.3 
11.8 79.7 
23.1 77.8 
62.9 31.6 
85.6 8.8 
48.3 53.8 
64.2 85.5 
50 69.8 
88.2 37.7 
40.1 63.2 
61.6 63.6 
69.9 33.8 
99.7 7.3 
8.7 53.6 
90 76 
63.3 19.8 
16.5 0.9 
72.2 85 
21.5 24.6 
41.9 38.5 
41.5 84.7 
70.3 52.7 
94 3 
61.1 94.2 
28.5 18.8 
47.4 79.8 
55.7 58 
33.5 59 
45.3 47.9 
20.1 11.5 
91.5 76.7 
52.6 41.5 
29.8 92 
48.9 18.7 
94.6 90.7 
3 25.6 
56.1 2.9 
94.5 65.7 
41.8 21.5 
40.9 66.1 
26.1 97.6 
22.6 10.1 
39.9 34.4 
85.1 9.7 
85.2 33.4 
96.5 4.8 
34.6 10.1 
94.2 15.9 
79.2 61 
0.5 48.1 
83.1 80.1 
53.4 81.6 
43.1 18.4 
97.6 81.9 
83.7 71.6 
94.2 36.8 
46.7 26.7 
3.5 6.8 
28.8 92.2 
76.9 48.9 
2.6 80 
9.1 69.5 
91.4 9.8 
52.9 37.5 
61.5 6.4 
74 57.9 
51.8 56.8 
89.9 90.6 
55.2 31.4 
45.4 53.9 
80.3 43.6 
99.3 36.7 
95 27.1 
16.3 56.4 
21.6 60.1 
11.1 65.5 
73.6 48.4 
87.4 28.9 
11.4 15.8 
51.1 19 
89.6 25.1 
75.1 97 
50.3 44.8 
66.9 46.1 
68.4 40.2 
61.7 21.7 
0.7 80.7 
61.9 21.7 
22.2 94.6 
22.7 70 
18.1 26.9 
63.8 50.6 
97.3 97.7 
26.8 16.6 
75.4 5 
23.9 59.7 
76.2 58.5 
21.4 78.2 
59.5 74.6 
58.7 37 
74.8 64.7 
59.4 96.6 
37.4 39.6 
84.4 50.2 
95.6 16.6 
49.9 38.9 
49.7 41.3 
84.6 97.9 
58.5 8.9 
57.5 14.1 
18.7 37.2 
41.1 53.9 
73.3 70 
19.3 78.2 
37.7 59.6 
67.1 84.9 
5.4 69.9 
9.7 46.5 
45 83.7 
19.6 6.4 
51.9 32.1 
6.6 2.2 
55.5 35.5 
73.5 3.3 
88.5 30.7 
22 36.7 
61.2 55.8 
92.1 28.9 
49 67.4 
10.4 91.5 
51.3 73.6 
36.7 36.9 
91.7 65.3 
26.2 87.6 
1.8 59.3 
70.6 30 
43.9 71.7 
90.6 56 
52.4 47.8 
27.2 65.3 
11.2 10.3 
97.8 17.2 
46.9 63.8 
63.4 83.9 
40.8 80.5 
48.2 99.6 
44.4 50 
70 65.8 
3.8 58.9 
4.1 46 
24.7 49.6 
37.6 63.7 
70.9 87.3 
88.1 44.3 
11.5 30.2 
46.7 7.8 
97 39.7 
51.5 52.3 
81.5 17.4 
45.4 74 
32.7 37.2 
75.2 1.8 
68.9 52.2 
35.8 0.6 
28.3 80.3 
4.1 12.3 
54.4 67.5 
94 21.7 
71.2 52.4 
44 44.6 
65.6 10.7 
99 10.9 
1.9 9.3 
84.5 2.8 
71.3 62.8 
25.2 56.8 
94.4 56.7 
15.4 7.6 
31.2 80 
83.6 18.6 
21.1 50.3 
45.5 94.5 
16.5 62.4 
17.5 51.2 
52.8 16 
91.9 29 
71.5 7.8 
85.8 80.2 
5.2 0.7 
87.3 47.2 
30.7 53 
87 15.7 
95.3 87 
58.4 97.9 
92.2 16.8 
83.2 53.7 
84.7 18.5 
36.3 64.6 
60.6 13.6 
5.7 25.1 
39.7 41.2 
77.4 79.8 
70.9 46.1 
98.3 46.8 
2 24.3 
85.5 27.9 
28.6 47.1 
95.4 36 
21.3 13.7 
5.8 10.3 
20.6 52.1 
77.6 11.3 
60.5 25.8 
96.5 81.7 
51.6 13.9 
6.6 41.8 
79.2 66.4 
4.5 97.1 
6.1 56.9 
31.6 44.4 
33.9 5 
39.9 97.6 
64.9 41 
81.7 82.8 
96.9 97.6 
94.3 7.1 
39.6 89.1 
14.1 29.8 
6.3 80.8 
4.5 22.6 
1.4 85.8 
41.7 55.6 
80.8 51.6 
42.7 44.8 
4.3 8.3 
31.5 62.5 
5 65.8 
76.9 3.6 
70.8 37.3 
57.9 23.1 
70.3 21.1 
72.9 30.8 
3.6 7 
59.9 96.5 
2.9 21.2 
4.3 5 
30 88.3 
6.3 69.7 
23.8 48 
96.9 4.6 
47.2 74.5 
40.2 16.4 
65.6 51.6 
4.4 33.8 
32 75.1 
32.7 72.9 
28.6 88.2 
2.2 18.1 
67.9 75.4 
55.7 54.6 
47 52.7 
75 10.5 
65.5 33.5 
22.8 43.5 
56.9 58.8 
83.9 68.5 
47.5 90 
50.6 70 
59 28.9 
72.9 63.5 
88.3 69.6 
11.9 4.3 
28.7 94.1 
31.9 23.5 
26 70.3 
46.5 19.2 
51.4 71.9 
7.9 7.8 
36.6 0.7 
10.4 7.9 
44.9 32.1 
32.5 46 
18.8 72.5 
52.3 20.2 
21 55.1 
91.2 8.6 
11.2 80 
51.3 38.1 
96.8 62.8 
16.3 11.7 
95.6 74.1 
96.9 61.6 
98.5 4.6 
6.2 83.4 
56.9 21.8 
38.7 27.2 
99 6.9 
6.7 33.9 
13.2 99.5 
38.8 12.6 
80.6 16.8 
80.1 72.4 
79.6 41.5 
11 27.8 
98.7 32.8 
29.2 88.4 
2.2 6 
22.2 55.3 
63.5 90.6 
8.3 10.8 
94.5 11.9 
50.8 14 
92.9 51.3 
82.4 23.5 
29.8 1.3 
70.3 71.9 
59.4 91.4 
72.4 52.5 
73.7 49.4 
17.4 99 
46.4 40.7 
79.2 99.9 
25.8 91.6 
88 76.4 
91.3 22.1 
64.5 34.9 
94.9 46.4 
86.9 60.3 
46.5 47.8 
24.5 93.2 
52.6 98.9 
41 25.3 
94.8 78.3 
12.8 33.6 
58.2 35.5 
54.5 33.5 
67.7 21.8 
33.6 56.7 
54.4 16.5 
79.9 49.6 
65.9 59 
14.1 80.4 
88.5 37.2 
67.6 60.6 
72.6 77 
56.2 8.5 
73.7 19.4 
11.8 48.9 
47.8 98.2 
4.6 64.6 
75.5 61.5 
95.9 38.3 
83.6 79.4 
25.2 10 
53.7 72.8 
64.2 32.6 
17.5 6 
8.4 97 
6.6 25.9 
80.2 34.9 
76.9 18.3 
43.1 29.5 
9 73.2 
70.7 74.7 
18.3 93.5 
70.2 88.6 
76.1 25.9 
72.7 46.2 
84.5 38.1 
45.2 74.9 
97.2 65.9 
27.4 31.8 
92.7 66.5 
80 67.9 
41.8 37.2 
92.7 82.3 
34.5 95.5 
55.6 80.2 
59.3 77.1 
79.3 37.1 
99.2 28.1 
36.8 82.5 
87.9 56.5 
36.2 46.1 
53.4 44.5 
73.6 7.5 
59.3 54.3 
29.6 55.9 
7.4 65.2 
4.1 17 
34.4 56.1 
16.2 27.7 
83 0.8 
6.4 94.9 
56.6 61.5 
49.5 72.7 
76 34.2 
97.2 40.6 
46.9 95.1 
64.8 52.3 
12.9 66.5 
2.3 27.7 
76.1 56.5 
57.8 92.9 
93.7 94.9 
14.5 9.1 
39.3 27.3 
42.9 75 
60.1 1.3 
90.1 79.2 
10.6 9.6 
13.5 90.6 
3.9 42.1 
2.6 75 
66.8 89.5 
80.1 81.8 
85.3 16.9 
81.8 19.6 
61.1 27.6 
96 56.6 
53.1 23.6 
33.4 73.2 
82.3 2.1 
7.8 30.7 
42.5 32.1 
66.5 26 
38.8 95 
60.7 85.8 
30.9 80.6 
69.7 8.1 
45.9 94.3 
61.3 53.5 
78.7 83.6 
4.9 84.7 
82.3 52.3 
78.8 62.7 
80 10.5 
18.6 55.4 
4.1 91.5 
73.4 49.9 
99.8 27 
30.9 15.3 
59.7 67.3 
70.4 48.7 
97.9 69.7 
73.8 79.8 
6.6 23.7 
30.7 12.4 
47.4 92.4 
46 11.9 
39 52.4 
14 6.7 
84.8 13.2 
39.5 12.8 
92.7 13.2 
52.5 43.9 
71.2 41.1 
90.5 44.6 
29.9 66.5 
2.6 49.1 
38.4 4.7 
78.9 17.3 
9.8 29.1 
84.4 59.3 
92.2 74.4 
68.3 30.8 
61.5 32.6 
83.3 9.2 
47.6 64.6 
77.8 19.6 
21 98.4 
77.8 26.3 
12 97.6 
64.4 52.4 
53.6 85.4 
14 35.5 
2.1 48.6 
84.2 42.4 
17 14.4 
99.2 43.7 
99.6 75.2 
46.9 34.9 
11.4 27.2 
95.5 93.4 
17.9 11.7 
3.8 91 
16.1 54.4 
63.1 36.2 
46.9 18.1 
84 64.3 
96.4 30.5 
35.2 5.8 
84.8 63.1 
0.8 86.8 
44.2 97.2 
18.3 71.3 
79 38.8 
69.2 35.4 
27.9 7.6 
79.4 85 
61.4 77 
69.7 29.5 
13.3 78.6 
11.4 15.3 
16.8 45.8 
15.5 23.4 
1.4 14.4 
23.6 90.1 
21.9 77.9 
28.9 0.4 
38.6 1.5 
65.7 96.5 
33.1 7.6 
57.4 54.1 
58.3 4.9 
67.8 88.8 
59.5 27.8 
69.7 78.3 
48.4 98.3 
60.4 84.3 
85.6 15.2 
37.4 83.3 
66.2 56.5 
56.9 67.9 
71.8 74.4 
3.5 19.8 
32.3 11.3 
8.5 52.8 
3.2 92.1 
46 83.5 
4.1 56.7 
36.6 35.1 
17.2 75.9 
56.7 21.3 
65.6 0.8 
67.7 12.9 
26.1 66.1 
93.7 68.9 
96.4 12.6 
39.9 67 
55.1 48.8 
18.3 99.4 
58 40.2 
41.3 76.2 
54.3 47.3 
81.3 73.5 
98.2 60.6 
66 80 
1.7 8.7 
18.7 6.6 
40.1 33.2 
10.9 3.4 
64.7 99.4 
33.1 15.4 
28.8 22.1 
51 25 
39.2 72.1 
86.1 57.7 
3 15.4 
85.5 28.5 
90.3 80.5 
98.7 44.7 
4.5 20.7 
86.2 12.2 
26.4 4.4 
86.1 46.1 
1.3 49 
48.3 53.5 
36.7 67.9 
47 21.9 
1.1 30.5 
42.1 28.4 
84.1 60.5 
1.2 77.1 
16 70.5 
82.8 50.2 
8 36.6 
91.6 81.9 
87.8 0.8 
70.9 15.8 
97.9 40 
94 69.5 
10.2 85.2 
35.3 47.1 
0.4 46.1 
84.8 82.1 
35.7 20.1 
15.7 89.2 
88.8 51.4 
93.4 3.9 
69.8 45.5 
48.3 84.8 
50.7 65.8 
42.5 80.4 
74.5 48.2 
20.8 7.5 
38.5 13.7 
20.2 93.5 
81.9 15.3 
23.7 10 
7 99.4 
61.8 99.9 
9.2 79.9 
71 75.3 
52.7 27.4 
57.7 2.2 
22 70.9 
1.4 0.8 
0.7 56.3 
45.8 29.8 
68.7 70.1 
40.9 6.6 
17.1 45.7 
77.3 99 
62.9 19.3 
69.6 30.7 
47 45.6 
74.8 20.2 
53 81.8 
34.4 3.6 
60.5 69.2 
1.4 99.9 
7.9 76.1 
81.1 46.5 
86.8 24.7 
54.3 83.6 
5.5 80.2 
25.4 4.3 
64.8 23.9 
36.6 61.2 
53.9 83.5 
25.8 16.6 
33.9 70.1 
9.3 82.1 
29.4 57.8 
5.9 46.8 
20.3 25.6 
13.3 12.3 
70.6 81.3 
0.4 95.3 
77.1 25.6 
63.2 82.7 
97.7 51.9 
26.4 24.5 
12.8 34.7 
34.9 42.4 
86.9 31.3 
65 30.9 
43.7 26.7 
16.7 81.7 
8.9 23.1 
82.3 3.4 
56 20.6 
24.6 48.9 
30.9 12.7 
75.9 76.8 
9.1 42 
72.4 39 
19.8 19 
92.7 16.9 
54.8 86.1 
20.9 92.3 
1.9 69 
17.8 92.7 
52.5 97.7 
29.6 86.2 
85.8 76.1 
87.5 20.5 
7.6 69.4 
48 29.8 
17.7 80.1 
44.4 92.7 
66.8 25.3 
24.4 44.6 
93.3 44.5 
69.9 56.6 
77 7.7 
25.2 78 
39.8 86.3 
57.6 16.5 
21.8 79.9 
92.9 49.9 
16.1 75.2 
42.4 55 
38.4 62.4 
15.7 69.4 
14.1 29.7 
93.3 0.6 
19.8 94.6 
96.8 16.2 
78.2 28.6 
53.9 74.9 
66.1 20.3 
20.4 7.6 
49.3 55.8 
8.5 49.5 
59.6 45.2 
40.2 68.1 
33.4 85.2 
95 35.7 
73.8 34.8 
87.5 15.6 
34.5 60.9 
60 83.6 
37.8 21.1 
2.4 4.3 
35.4 77.6 
68.1 51.7 
17 96.7 
14.6 76.2 
10.5 10.4 
44.9 64.4 
43.5 57 
93.9 76.7 
79.4 30.9 
13.3 93.7 
9.2 89.8 
65.9 87.6 
71 86.4 
55.9 81 
6.4 44 
42.8 76.9 
56.8 34.6 
78.7 46.3 
25.1 77.7 
27.8 73.5 
57.7 89.3 
14.7 59.6 
90.4 30.4 
81.2 22.2 
96.4 20.4 
69.2 16.3 
86.2 82.6 
88.4 15.1 
77 25.4 
12 27.1 
50.2 47.3 
54.7 89.1 
65.6 49.4 
33 20.2 
47.9 2.6 
61.6 45.8 
79.7 15 
39.7 12.8 
63.4 48.6 
48.4 45.3 
88.4 44.7 
54.9 39.4 
8.7 36.5 
4.8 45.3 
53.6 57 
17.2 66 
17.4 13.4 
10.3 90.5 
16.2 54.7 
75 60.7 
66.2 78.4 
36.7 87.7 
73.3 23.3 
14.9 80.8 
41.8 39.7 
0.4 27.7 
6.7 55.2 
12.6 78.3 
3.9 42.5 
99.7 89.4 
39.7 90.2 
3.4 90.5 
95.1 69.5 
23.8 64.5 
40.7 66.5 
45.5 11 
0.1 34 
32.4 80.5 
13 3.1 
39.6 92.3 
97.5 6.7 
0.4 84.6 
17.6 9.3 
12 50.5 
38.2 43.9 
70.1 99.2 
75.5 47.3 
53.2 95.7 
40.1 41.2 
91.3 65.2 
55.8 37.6 
35.6 86.2 
39.1 73.5 
39.9 93.2 
81.1 3.3 
56.2 9 
72.1 44.1 
30.8 25.5 
11.5 24.8 
19.5 99.3 
47.7 52 
1.4 37.4 
55.3 57.1 
22.4 79.2 
78.9 45.4 
20.7 80.9 
79.2 50.4 
87 57.6 
65.6 91.9 
8.8 35.4 
14.4 9.4 
57.5 18 
23.2 21.5 
78.8 77.6 
86.9 79.1 
98.3 70.3 
37.9 99.4 
91.2 37.4 
35.2 8.5 
94.3 17.9 
77 50.7 
32.2 70.6 
13.2 24.1 
91.7 75.5 
54.9 6.2 
7.9 11 
80.9 59.7 
63.4 32.2 
54.9 53.4 
97.1 25 
19.7 79.6 
38.7 65 
76.8 87.1 
18.9 43.2 
95 19.7 
72.1 37.4 
46.5 17.2 
11.2 80.7 
37.8 84.4 
38.5 62.4 
74.9 8.3 
10.8 57.7 
26.3 60 
90.9 43.6 
33.5 22 
73.8 99.7 
70.7 47 
58.4 33.8 
32.5 67.8 
82.8 39.8 
23 22.8 
86.2 19.2 
15.2 80.2 
1.8 68.1 
87.4 16.7 
89.8 96.6 
63.2 4.5 
79.8 30.7 
81 15 
7 69.7 
48.6 61.8 
85.7 67.2 
1.6 31.6 
41.5 29.7 
35.2 62.3 
86 52.5 
38.1 79.4 
17.3 47.4 
